21 January 2014 12:38:34 PM

FFT_OPENMP
  C/OpenMP version

  Demonstrate an implementation of the Fast Fourier Transform
  of a complex data vector, using OpenMP for parallel execution.

  Number of processors available = 4
  Number of threads =              1

  Accuracy check:

    FFT ( FFT ( X(1:N) ) ) == N * X(1:N)

             N      NITS    Error         Time          Time/Call     MFLOPS

             2     10000  7.859082e-17  8.379277e-03  4.189638e-07     23.868408
             4     10000  1.209837e-16  1.874847e-02  9.374237e-07     42.670142
             8     10000  6.605630e-17  3.006276e-02  1.503138e-06     79.832995
            16     10000  1.232264e-16  5.173730e-02  2.586865e-06    123.701851
            32      1000  1.249348e-16  6.525691e-03  3.262846e-06    245.184763
            64      1000  1.780479e-16  1.608976e-02  8.044878e-06    238.661185
           128      1000  1.795875e-16  3.050667e-02  1.525334e-05    293.706262
           256      1000  1.984648e-16  6.462386e-02  3.231193e-05    316.910832
           512       100  1.838748e-16  1.279576e-02  6.397880e-05    360.119290
          1024       100  2.172566e-16  2.975210e-02  1.487605e-04    344.177328
          2048       100  2.347084e-16  6.304489e-02  3.152244e-04    357.332716
          4096       100  2.419067e-16  1.759109e-01  8.795545e-04    279.414171
          8192        10  2.503041e-16  3.014964e-02  1.507482e-03    353.224770
         16384        10  2.597819e-16  6.888054e-02  3.444027e-03    333.005505
         32768        10  2.818931e-16  1.427190e-01  7.135949e-03    344.397087
         65536        10  2.755095e-16  3.201697e-01  1.600849e-02    327.506276
        131072         1  3.044600e-16  6.819358e-02  3.409679e-02    326.749801
        262144         1  3.158626e-16  1.569923e-01  7.849615e-02    300.562004
        524288         1  3.166860e-16  3.323959e-01  1.661979e-01    299.686990
       1048576         1  3.152162e-16  7.281336e-01  3.640668e-01    288.017473
       2097152         1  3.399584e-16  1.449428e+00  7.247142e-01    303.845251
       4194304         1  3.440641e-16  3.127996e+00  1.563998e+00    294.996142
       8388608         1  3.528790e-16  6.322887e+00  3.161443e+00    305.142238
      16777216         1  3.507208e-16  1.378026e+01  6.890130e+00    292.195647
      33554432         1  3.675927e-16  2.783668e+01  1.391834e+01    301.350912

FFT_OPENMP:
  Normal end of execution.

21 January 2014 12:40:45 PM
21 January 2014 12:40:45 PM

FFT_OPENMP
  C/OpenMP version

  Demonstrate an implementation of the Fast Fourier Transform
  of a complex data vector, using OpenMP for parallel execution.

  Number of processors available = 4
  Number of threads =              2

  Accuracy check:

    FFT ( FFT ( X(1:N) ) ) == N * X(1:N)

             N      NITS    Error         Time          Time/Call     MFLOPS

             2     10000  7.859082e-17  2.488501e-02  1.244250e-06      8.036968
             4     10000  1.209837e-16  5.326040e-02  2.663020e-06     15.020541
             8     10000  6.605630e-17  8.064070e-02  4.032035e-06     29.761648
            16     10000  1.232264e-16  1.359324e-01  6.796618e-06     47.082240
            32      1000  1.249348e-16  2.187876e-02  1.093938e-05     73.130290
            64      1000  1.780479e-16  4.666291e-02  2.333146e-05     82.292332
           128      1000  1.795875e-16  8.794665e-02  4.397333e-05    101.879942
           256      1000  1.984648e-16  1.736028e-01  8.680139e-05    117.970455
           512       100  1.838748e-16  2.689671e-02  1.344836e-04    171.322043
          1024       100  2.172566e-16  5.092519e-02  2.546259e-04    201.079281
          2048       100  2.347084e-16  1.169434e-01  5.847168e-04    192.640273
          4096       100  2.419067e-16  3.421404e-01  1.710702e-03    143.660317
          8192        10  2.503041e-16  8.342652e-02  4.171326e-03    127.652446
         16384        10  2.597819e-16  1.864215e-01  9.321073e-03    123.041630
         32768        10  2.818931e-16  3.063979e-01  1.531989e-02    160.418865
         65536        10  2.755095e-16  4.953183e-01  2.476591e-02    211.697425
        131072         1  3.044600e-16  9.767945e-02  4.883973e-02    228.115935
        262144         1  3.158626e-16  2.396933e-01  1.198467e-01    196.859560
        524288         1  3.166860e-16  4.506458e-01  2.253229e-01    221.048804
       1048576         1  3.152162e-16  9.771775e-01  4.885888e-01    214.613200
       2097152         1  3.399584e-16  1.832576e+00  9.162878e-01    240.318549
       4194304         1  3.440641e-16  4.000823e+00  2.000412e+00    230.639249
       8388608         1  3.528790e-16  7.720278e+00  3.860139e+00    249.910665
      16777216         1  3.507208e-16  1.621774e+01  8.108870e+00    248.279472
      33554432         1  3.675927e-16  3.228871e+01  1.614435e+01    259.800066

FFT_OPENMP:
  Normal end of execution.

21 January 2014 12:43:16 PM
